[hero.jpg]
filters=Vignette=1,35.000000,1.400000,0.000000,00000000;
moddate=2b0cd174ab12ce01
width=1020
height=421
textactive=0
[hero.1.jpg]
filters=Soften=1,77.777779,84.795319;picnik=1;
moddate=4e9f40ebab12ce01
width=1020
height=421
textactive=0
